Radius	Rho	Mass	phi	Temp	Fe	O	Si	Mg	Ni	Ca	Al	S	Cr	Na	P	Mn	C	H	Total	Li
0.000000e+00	2.366506e+00	0.000000e+00	1.785317e+00	7.200000e+03	8.550000e-01	0.000000e+00	6.000000e-02	0.000000e+00	5.200000e-02	0.000000e+00	0.000000e+00	1.900000e-02	9.000000e-03	0.000000e+00	2.000000e-03	3.000000e-03	2.000000e-03	6.000000e-04	9.997000e-01	1.850000e-06
5.000000e-03	2.366467e+00	2.958103e-07	1.785287e+00	7.175133e+03	8.550000e-01	0.000000e+00	6.000000e-02	0.000000e+00	5.200000e-02	0.000000e+00	0.000000e+00	1.900000e-02	9.000000e-03	0.000000e+00	2.000000e-03	3.000000e-03	2.000000e-03	6.000000e-04	9.997000e-01	1.850000e-06
1.000000e-02	2.366352e+00	2.366413e-06	1.785198e+00	7.150265e+03	8.550000e-01	0.000000e+00	6.000000e-02	0.000000e+00	5.200000e-02	0.000000e+00	0.000000e+00	1.900000e-02	9.000000e-03	0.000000e+00	2.000000e-03	3.000000e-03	2.000000e-03	6.000000e-04	9.997000e-01	1.850000e-06
1.500000e-02	2.366160e+00	7.986256e-06	1.785051e+00	7.125398e+03	8.550000e-01	0.000000e+00	6.000000e-02	0.000000e+00	5.200000e-02	0.000000e+00	0.000000e+00	1.900000e-02	9.000000e-03	0.000000e+00	2.000000e-03	3.000000e-03	2.000000e-03	6.000000e-04	9.997000e-01	1.850000e-06
2.000000e-02	2.365891e+00	1.892909e-05	1.784844e+00	7.100531e+03	8.550000e-01	0.000000e+00	6.000000e-02	0.000000e+00	5.200000e-02	0.000000e+00	0.000000e+00	1.900000e-02	9.000000e-03	0.000000e+00	2.000000e-03	3.000000e-03	2.000000e-03	6.000000e-04	9.997000e-01	1.850000e-06
2.500000e-02	2.365545e+00	3.696764e-05	1.784577e+00	7.075664e+03	8.550000e-01	0.000000e+00	6.000000e-02	0.000000e+00	5.200000e-02	0.000000e+00	0.000000e+00	1.900000e-02	9.000000e-03	0.000000e+00	2.000000e-03	3.000000e-03	2.000000e-03	6.000000e-04	9.997000e-01	1.850000e-06
3.000000e-02	2.365122e+00	6.387324e-05	1.784252e+00	7.050796e+03	8.550000e-01	0.000000e+00	6.000000e-02	0.000000e+00	5.200000e-02	0.000000e+00	0.000000e+00	1.900000e-02	9.000000e-03	0.000000e+00	2.000000e-03	3.000000e-03	2.000000e-03	6.000000e-04	9.997000e-01	1.850000e-06
3.500000e-02	2.364622e+00	1.014155e-04	1.783868e+00	7.025929e+03	8.550000e-01	0.000000e+00	6.000000e-02	0.000000e+00	5.200000e-02	0.000000e+00	0.000000e+00	1.900000e-02	9.000000e-03	0.000000e+00	2.000000e-03	3.000000e-03	2.000000e-03	6.000000e-04	9.997000e-01	1.850000e-06
4.000000e-02	2.364046e+00	1.513619e-04	1.783424e+00	7.001062e+03	8.550000e-01	0.000000e+00	6.000000e-02	0.000000e+00	5.200000e-02	0.000000e+00	0.000000e+00	1.900000e-02	9.000000e-03	0.000000e+00	2.000000e-03	3.000000e-03	2.000000e-03	6.000000e-04	9.997000e-01	1.850000e-06
4.500000e-02	2.363393e+00	2.154776e-04	1.782922e+00	6.976194e+03	8.550000e-01	0.000000e+00	6.000000e-02	0.000000e+00	5.200000e-02	0.000000e+00	0.000000e+00	1.900000e-02	9.000000e-03	0.000000e+00	2.000000e-03	3.000000e-03	2.000000e-03	6.000000e-04	9.997000e-01	1.850000e-06
5.000000e-02	2.362662e+00	2.955250e-04	1.782360e+00	6.951327e+03	8.550000e-01	0.000000e+00	6.000000e-02	0.000000e+00	5.200000e-02	0.000000e+00	0.000000e+00	1.900000e-02	9.000000e-03	0.000000e+00	2.000000e-03	3.000000e-03	2.000000e-03	6.000000e-04	9.997000e-01	1.850000e-06
5.500000e-02	2.361855e+00	3.932632e-04	1.781740e+00	6.926460e+03	8.550000e-01	0.000000e+00	6.000000e-02	0.000000e+00	5.200000e-02	0.000000e+00	0.000000e+00	1.900000e-02	9.000000e-03	0.000000e+00	2.000000e-03	3.000000e-03	2.000000e-03	6.000000e-04	9.997000e-01	1.850000e-06
6.000000e-02	2.360971e+00	5.104480e-04	1.781060e+00	6.901593e+03	8.550000e-01	0.000000e+00	6.000000e-02	0.000000e+00	5.200000e-02	0.000000e+00	0.000000e+00	1.900000e-02	9.000000e-03	0.000000e+00	2.000000e-03	3.000000e-03	2.000000e-03	6.000000e-04	9.997000e-01	1.850000e-06
6.500000e-02	2.360011e+00	6.488314e-04	1.780322e+00	6.876725e+03	8.550000e-01	0.000000e+00	6.000000e-02	0.000000e+00	5.200000e-02	0.000000e+00	0.000000e+00	1.900000e-02	9.000000e-03	0.000000e+00	2.000000e-03	3.000000e-03	2.000000e-03	6.000000e-04	9.997000e-01	1.850000e-06
7.000000e-02	2.358973e+00	8.101612e-04	1.779524e+00	6.851858e+03	8.550000e-01	0.000000e+00	6.000000e-02	0.000000e+00	5.200000e-02	0.000000e+00	0.000000e+00	1.900000e-02	9.000000e-03	0.000000e+00	2.000000e-03	3.000000e-03	2.000000e-03	6.000000e-04	9.997000e-01	1.850000e-06
7.500000e-02	2.357858e+00	9.961807e-04	1.778668e+00	6.826991e+03	8.550000e-01	0.000000e+00	6.000000e-02	0.000000e+00	5.200000e-02	0.000000e+00	0.000000e+00	1.900000e-02	9.000000e-03	0.000000e+00	2.000000e-03	3.000000e-03	2.000000e-03	6.000000e-04	9.997000e-01	1.850000e-06
8.000000e-02	2.356667e+00	1.208628e-03	1.777753e+00	6.802123e+03	8.550000e-01	0.000000e+00	6.000000e-02	0.000000e+00	5.200000e-02	0.000000e+00	0.000000e+00	1.900000e-02	9.000000e-03	0.000000e+00	2.000000e-03	3.000000e-03	2.000000e-03	6.000000e-04	9.997000e-01	1.850000e-06
8.500000e-02	2.355399e+00	1.449238e-03	1.776780e+00	6.777256e+03	8.550000e-01	0.000000e+00	6.000000e-02	0.000000e+00	5.200000e-02	0.000000e+00	0.000000e+00	1.900000e-02	9.000000e-03	0.000000e+00	2.000000e-03	3.000000e-03	2.000000e-03	6.000000e-04	9.997000e-01	1.850000e-06
9.000000e-02	2.354053e+00	1.719736e-03	1.775748e+00	6.752389e+03	8.550000e-01	0.000000e+00	6.000000e-02	0.000000e+00	5.200000e-02	0.000000e+00	0.000000e+00	1.900000e-02	9.000000e-03	0.000000e+00	2.000000e-03	3.000000e-03	2.000000e-03	6.000000e-04	9.997000e-01	1.850000e-06
9.500000e-02	2.352631e+00	2.021846e-03	1.774657e+00	6.727521e+03	8.550000e-01	0.000000e+00	6.000000e-02	0.000000e+00	5.200000e-02	0.000000e+00	0.000000e+00	1.900000e-02	9.000000e-03	0.000000e+00	2.000000e-03	3.000000e-03	2.000000e-03	6.000000e-04	9.997000e-01	1.850000e-06
1.000000e-01	2.351133e+00	2.357282e-03	1.773507e+00	6.702654e+03	8.550000e-01	0.000000e+00	6.000000e-02	0.000000e+00	5.200000e-02	0.000000e+00	0.000000e+00	1.900000e-02	9.000000e-03	0.000000e+00	2.000000e-03	3.000000e-03	2.000000e-03	6.000000e-04	9.997000e-01	1.850000e-06
1.050000e-01	2.349557e+00	2.727754e-03	1.772300e+00	6.677787e+03	8.550000e-01	0.000000e+00	6.000000e-02	0.000000e+00	5.200000e-02	0.000000e+00	0.000000e+00	1.900000e-02	9.000000e-03	0.000000e+00	2.000000e-03	3.000000e-03	2.000000e-03	6.000000e-04	9.997000e-01	1.850000e-06
1.100000e-01	2.347904e+00	3.134964e-03	1.771033e+00	6.652920e+03	8.550000e-01	0.000000e+00	6.000000e-02	0.000000e+00	5.200000e-02	0.000000e+00	0.000000e+00	1.900000e-02	9.000000e-03	0.000000e+00	2.000000e-03	3.000000e-03	2.000000e-03	6.000000e-04	9.997000e-01	1.850000e-06
1.150000e-01	2.346175e+00	3.580607e-03	1.769709e+00	6.628052e+03	8.550000e-01	0.000000e+00	6.000000e-02	0.000000e+00	5.200000e-02	0.000000e+00	0.000000e+00	1.900000e-02	9.000000e-03	0.000000e+00	2.000000e-03	3.000000e-03	2.000000e-03	6.000000e-04	9.997000e-01	1.850000e-06
1.200000e-01	2.344368e+00	4.066370e-03	1.768326e+00	6.603185e+03	8.550000e-01	0.000000e+00	6.000000e-02	0.000000e+00	5.200000e-02	0.000000e+00	0.000000e+00	1.900000e-02	9.000000e-03	0.000000e+00	2.000000e-03	3.000000e-03	2.000000e-03	6.000000e-04	9.997000e-01	1.850000e-06
1.250000e-01	2.342485e+00	4.593932e-03	1.766885e+00	6.578318e+03	8.550000e-01	0.000000e+00	6.000000e-02	0.000000e+00	5.200000e-02	0.000000e+00	0.000000e+00	1.900000e-02	9.000000e-03	0.000000e+00	2.000000e-03	3.000000e-03	2.000000e-03	6.000000e-04	9.997000e-01	1.850000e-06
1.300000e-01	2.340525e+00	5.164965e-03	1.765386e+00	6.553450e+03	8.550000e-01	0.000000e+00	6.000000e-02	0.000000e+00	5.200000e-02	0.000000e+00	0.000000e+00	1.900000e-02	9.000000e-03	0.000000e+00	2.000000e-03	3.000000e-03	2.000000e-03	6.000000e-04	9.997000e-01	1.850000e-06
1.350000e-01	2.338488e+00	5.781131e-03	1.763829e+00	6.528583e+03	8.550000e-01	0.000000e+00	6.000000e-02	0.000000e+00	5.200000e-02	0.000000e+00	0.000000e+00	1.900000e-02	9.000000e-03	0.000000e+00	2.000000e-03	3.000000e-03	2.000000e-03	6.000000e-04	9.997000e-01	1.850000e-06
1.400000e-01	2.336374e+00	6.444083e-03	1.762214e+00	6.503716e+03	8.550000e-01	0.000000e+00	6.000000e-02	0.000000e+00	5.200000e-02	0.000000e+00	0.000000e+00	1.900000e-02	9.000000e-03	0.000000e+00	2.000000e-03	3.000000e-03	2.000000e-03	6.000000e-04	9.997000e-01	1.850000e-06
1.450000e-01	2.334184e+00	7.155466e-03	1.760541e+00	6.478849e+03	8.550000e-01	0.000000e+00	6.000000e-02	0.000000e+00	5.200000e-02	0.000000e+00	0.000000e+00	1.900000e-02	9.000000e-03	0.000000e+00	2.000000e-03	3.000000e-03	2.000000e-03	6.000000e-04	9.997000e-01	1.850000e-06
1.500000e-01	2.331916e+00	7.916913e-03	1.758810e+00	6.453981e+03	8.550000e-01	0.000000e+00	6.000000e-02	0.000000e+00	5.200000e-02	0.000000e+00	0.000000e+00	1.900000e-02	9.000000e-03	0.000000e+00	2.000000e-03	3.000000e-03	2.000000e-03	6.000000e-04	9.997000e-01	1.850000e-06
1.550000e-01	2.329572e+00	8.730049e-03	1.757022e+00	6.429114e+03	8.550000e-01	0.000000e+00	6.000000e-02	0.000000e+00	5.200000e-02	0.000000e+00	0.000000e+00	1.900000e-02	9.000000e-03	0.000000e+00	2.000000e-03	3.000000e-03	2.000000e-03	6.000000e-04	9.997000e-01	1.850000e-06
1.600000e-01	2.327150e+00	9.596488e-03	1.755177e+00	6.404247e+03	8.550000e-01	0.000000e+00	6.000000e-02	0.000000e+00	5.200000e-02	0.000000e+00	0.000000e+00	1.900000e-02	9.000000e-03	0.000000e+00	2.000000e-03	3.000000e-03	2.000000e-03	6.000000e-04	9.997000e-01	1.850000e-06
1.650000e-01	2.324652e+00	1.051783e-02	1.753274e+00	6.379379e+03	8.550000e-01	0.000000e+00	6.000000e-02	0.000000e+00	5.200000e-02	0.000000e+00	0.000000e+00	1.900000e-02	9.000000e-03	0.000000e+00	2.000000e-03	3.000000e-03	2.000000e-03	6.000000e-04	9.997000e-01	1.850000e-06
1.700000e-01	2.322077e+00	1.149568e-02	1.751314e+00	6.354512e+03	8.550000e-01	0.000000e+00	6.000000e-02	0.000000e+00	5.200000e-02	0.000000e+00	0.000000e+00	1.900000e-02	9.000000e-03	0.000000e+00	2.000000e-03	3.000000e-03	2.000000e-03	6.000000e-04	9.997000e-01	1.850000e-06
1.750000e-01	2.319425e+00	1.253160e-02	1.749296e+00	6.329645e+03	8.550000e-01	0.000000e+00	6.000000e-02	0.000000e+00	5.200000e-02	0.000000e+00	0.000000e+00	1.900000e-02	9.000000e-03	0.000000e+00	2.000000e-03	3.000000e-03	2.000000e-03	6.000000e-04	9.997000e-01	1.850000e-06
1.800000e-01	2.316697e+00	1.362717e-02	1.747222e+00	6.304778e+03	8.550000e-01	0.000000e+00	6.000000e-02	0.000000e+00	5.200000e-02	0.000000e+00	0.000000e+00	1.900000e-02	9.000000e-03	0.000000e+00	2.000000e-03	3.000000e-03	2.000000e-03	6.000000e-04	9.997000e-01	1.850000e-06
1.850000e-01	2.313891e+00	1.478394e-02	1.745090e+00	6.279910e+03	8.550000e-01	0.000000e+00	6.000000e-02	0.000000e+00	5.200000e-02	0.000000e+00	0.000000e+00	1.900000e-02	9.000000e-03	0.000000e+00	2.000000e-03	3.000000e-03	2.000000e-03	6.000000e-04	9.997000e-01	1.850000e-06
1.900000e-01	2.311009e+00	1.600347e-02	1.742902e+00	6.255043e+03	8.550000e-01	0.000000e+00	6.000000e-02	0.000000e+00	5.200000e-02	0.000000e+00	0.000000e+00	1.900000e-02	9.000000e-03	0.000000e+00	2.000000e-03	3.000000e-03	2.000000e-03	6.000000e-04	9.997000e-01	1.850000e-06
1.950000e-01	2.205386e+00	1.724172e-02	1.740660e+00	6.230176e+03	8.550000e-01	0.000000e+00	6.000000e-02	0.000000e+00	5.200000e-02	0.000000e+00	0.000000e+00	1.900000e-02	9.000000e-03	0.000000e+00	2.000000e-03	3.000000e-03	2.000000e-03	6.000000e-04	9.997000e-01	1.850000e-06
2.000000e-01	2.202387e+00	1.853119e-02	1.738368e+00	6.205308e+03	8.550000e-01	0.000000e+00	6.000000e-02	0.000000e+00	5.200000e-02	0.000000e+00	0.000000e+00	1.900000e-02	9.000000e-03	0.000000e+00	2.000000e-03	3.000000e-03	2.000000e-03	6.000000e-04	9.997000e-01	1.850000e-06
2.050000e-01	2.199331e+00	1.988512e-02	1.736027e+00	6.180441e+03	8.550000e-01	0.000000e+00	6.000000e-02	0.000000e+00	5.200000e-02	0.000000e+00	0.000000e+00	1.900000e-02	9.000000e-03	0.000000e+00	2.000000e-03	3.000000e-03	2.000000e-03	6.000000e-04	9.997000e-01	1.850000e-06
2.100000e-01	2.196218e+00	2.130449e-02	1.733637e+00	6.155574e+03	8.550000e-01	0.000000e+00	6.000000e-02	0.000000e+00	5.200000e-02	0.000000e+00	0.000000e+00	1.900000e-02	9.000000e-03	0.000000e+00	2.000000e-03	3.000000e-03	2.000000e-03	6.000000e-04	9.997000e-01	1.850000e-06
2.150000e-01	2.193046e+00	2.279144e-02	1.731196e+00	6.130706e+03	8.550000e-01	0.000000e+00	6.000000e-02	0.000000e+00	5.200000e-02	0.000000e+00	0.000000e+00	1.900000e-02	9.000000e-03	0.000000e+00	2.000000e-03	3.000000e-03	2.000000e-03	6.000000e-04	9.997000e-01	1.850000e-06
2.200000e-01	2.189815e+00	2.434631e-02	1.728706e+00	6.105839e+03	8.550000e-01	0.000000e+00	6.000000e-02	0.000000e+00	5.200000e-02	0.000000e+00	0.000000e+00	1.900000e-02	9.000000e-03	0.000000e+00	2.000000e-03	3.000000e-03	2.000000e-03	6.000000e-04	9.997000e-01	1.850000e-06
2.250000e-01	2.186524e+00	2.597144e-02	1.726166e+00	6.080972e+03	8.550000e-01	0.000000e+00	6.000000e-02	0.000000e+00	5.200000e-02	0.000000e+00	0.000000e+00	1.900000e-02	9.000000e-03	0.000000e+00	2.000000e-03	3.000000e-03	2.000000e-03	6.000000e-04	9.997000e-01	1.850000e-06
2.300000e-01	2.183171e+00	2.766765e-02	1.723576e+00	6.056105e+03	8.550000e-01	0.000000e+00	6.000000e-02	0.000000e+00	5.200000e-02	0.000000e+00	0.000000e+00	1.900000e-02	9.000000e-03	0.000000e+00	2.000000e-03	3.000000e-03	2.000000e-03	6.000000e-04	9.997000e-01	1.850000e-06
2.350000e-01	2.179756e+00	2.943631e-02	1.720936e+00	6.031237e+03	8.550000e-01	0.000000e+00	6.000000e-02	0.000000e+00	5.200000e-02	0.000000e+00	0.000000e+00	1.900000e-02	9.000000e-03	0.000000e+00	2.000000e-03	3.000000e-03	2.000000e-03	6.000000e-04	9.997000e-01	1.850000e-06
2.400000e-01	2.176278e+00	3.127932e-02	1.718246e+00	6.006370e+03	8.550000e-01	0.000000e+00	6.000000e-02	0.000000e+00	5.200000e-02	0.000000e+00	0.000000e+00	1.900000e-02	9.000000e-03	0.000000e+00	2.000000e-03	3.000000e-03	2.000000e-03	6.000000e-04	9.997000e-01	1.850000e-06
2.450000e-01	2.172735e+00	3.319719e-02	1.715505e+00	5.981503e+03	8.550000e-01	0.000000e+00	6.000000e-02	0.000000e+00	5.200000e-02	0.000000e+00	0.000000e+00	1.900000e-02	9.000000e-03	0.000000e+00	2.000000e-03	3.000000e-03	2.000000e-03	6.000000e-04	9.997000e-01	1.850000e-06
2.500000e-01	2.169128e+00	3.519220e-02	1.712715e+00	5.956635e+03	8.550000e-01	0.000000e+00	6.000000e-02	0.000000e+00	5.200000e-02	0.000000e+00	0.000000e+00	1.900000e-02	9.000000e-03	0.000000e+00	2.000000e-03	3.000000e-03	2.000000e-03	6.000000e-04	9.997000e-01	1.850000e-06
2.550000e-01	2.165454e+00	3.726488e-02	1.709875e+00	5.931768e+03	8.550000e-01	0.000000e+00	6.000000e-02	0.000000e+00	5.200000e-02	0.000000e+00	0.000000e+00	1.900000e-02	9.000000e-03	0.000000e+00	2.000000e-03	3.000000e-03	2.000000e-03	6.000000e-04	9.997000e-01	1.850000e-06
2.600000e-01	2.161713e+00	3.941663e-02	1.706984e+00	5.906901e+03	8.550000e-01	0.000000e+00	6.000000e-02	0.000000e+00	5.200000e-02	0.000000e+00	0.000000e+00	1.900000e-02	9.000000e-03	0.000000e+00	2.000000e-03	3.000000e-03	2.000000e-03	6.000000e-04	9.997000e-01	1.850000e-06
2.650000e-01	2.157904e+00	4.164935e-02	1.704044e+00	5.882034e+03	8.550000e-01	0.000000e+00	6.000000e-02	0.000000e+00	5.200000e-02	0.000000e+00	0.000000e+00	1.900000e-02	9.000000e-03	0.000000e+00	2.000000e-03	3.000000e-03	2.000000e-03	6.000000e-04	9.997000e-01	1.850000e-06
2.700000e-01	2.154026e+00	4.396384e-02	1.701053e+00	5.857166e+03	8.550000e-01	0.000000e+00	6.000000e-02	0.000000e+00	5.200000e-02	0.000000e+00	0.000000e+00	1.900000e-02	9.000000e-03	0.000000e+00	2.000000e-03	3.000000e-03	2.000000e-03	6.000000e-04	9.997000e-01	1.850000e-06
2.750000e-01	2.150078e+00	4.636054e-02	1.698013e+00	5.832299e+03	8.550000e-01	0.000000e+00	6.000000e-02	0.000000e+00	5.200000e-02	0.000000e+00	0.000000e+00	1.900000e-02	9.000000e-03	0.000000e+00	2.000000e-03	3.000000e-03	2.000000e-03	6.000000e-04	9.997000e-01	1.850000e-06
2.800000e-01	2.146059e+00	4.884219e-02	1.694923e+00	5.807432e+03	8.550000e-01	0.000000e+00	6.000000e-02	0.000000e+00	5.200000e-02	0.000000e+00	0.000000e+00	1.900000e-02	9.000000e-03	0.000000e+00	2.000000e-03	3.000000e-03	2.000000e-03	6.000000e-04	9.997000e-01	1.850000e-06
2.850000e-01	2.141968e+00	5.140875e-02	1.691783e+00	5.782564e+03	8.550000e-01	0.000000e+00	6.000000e-02	0.000000e+00	5.200000e-02	0.000000e+00	0.000000e+00	1.900000e-02	9.000000e-03	0.000000e+00	2.000000e-03	3.000000e-03	2.000000e-03	6.000000e-04	9.997000e-01	1.850000e-06
2.900000e-01	2.137804e+00	5.406142e-02	1.688594e+00	5.757697e+03	8.550000e-01	0.000000e+00	6.000000e-02	0.000000e+00	5.200000e-02	0.000000e+00	0.000000e+00	1.900000e-02	9.000000e-03	0.000000e+00	2.000000e-03	3.000000e-03	2.000000e-03	6.000000e-04	9.997000e-01	1.850000e-06
2.950000e-01	2.133566e+00	5.680283e-02	1.685355e+00	5.732830e+03	8.550000e-01	0.000000e+00	6.000000e-02	0.000000e+00	5.200000e-02	0.000000e+00	0.000000e+00	1.900000e-02	9.000000e-03	0.000000e+00	2.000000e-03	3.000000e-03	2.000000e-03	6.000000e-04	9.997000e-01	1.850000e-06
3.000000e-01	2.129253e+00	5.963265e-02	1.682067e+00	5.707963e+03	8.550000e-01	0.000000e+00	6.000000e-02	0.000000e+00	5.200000e-02	0.000000e+00	0.000000e+00	1.900000e-02	9.000000e-03	0.000000e+00	2.000000e-03	3.000000e-03	2.000000e-03	6.000000e-04	9.997000e-01	1.850000e-06
3.050000e-01	2.124864e+00	6.255201e-02	1.678729e+00	5.683095e+03	8.550000e-01	0.000000e+00	6.000000e-02	0.000000e+00	5.200000e-02	0.000000e+00	0.000000e+00	1.900000e-02	9.000000e-03	0.000000e+00	2.000000e-03	3.000000e-03	2.000000e-03	6.000000e-04	9.997000e-01	1.850000e-06
3.100000e-01	2.120399e+00	6.556305e-02	1.675343e+00	5.658228e+03	8.550000e-01	0.000000e+00	6.000000e-02	0.000000e+00	5.200000e-02	0.000000e+00	0.000000e+00	1.900000e-02	9.000000e-03	0.000000e+00	2.000000e-03	3.000000e-03	2.000000e-03	6.000000e-04	9.997000e-01	1.850000e-06
3.150000e-01	2.115856e+00	6.866507e-02	1.671907e+00	5.633361e+03	8.550000e-01	0.000000e+00	6.000000e-02	0.000000e+00	5.200000e-02	0.000000e+00	0.000000e+00	1.900000e-02	9.000000e-03	0.000000e+00	2.000000e-03	3.000000e-03	2.000000e-03	6.000000e-04	9.997000e-01	1.850000e-06
3.200000e-01	2.111233e+00	7.186142e-02	1.668423e+00	5.608493e+03	8.550000e-01	0.000000e+00	6.000000e-02	0.000000e+00	5.200000e-02	0.000000e+00	0.000000e+00	1.900000e-02	9.000000e-03	0.000000e+00	2.000000e-03	3.000000e-03	2.000000e-03	6.000000e-04	9.997000e-01	1.850000e-06
3.250000e-01	2.106532e+00	7.515177e-02	1.664889e+00	5.583626e+03	8.550000e-01	0.000000e+00	6.000000e-02	0.000000e+00	5.200000e-02	0.000000e+00	0.000000e+00	1.900000e-02	9.000000e-03	0.000000e+00	2.000000e-03	3.000000e-03	2.000000e-03	6.000000e-04	9.997000e-01	1.850000e-06
3.300000e-01	2.101749e+00	7.853672e-02	1.661308e+00	5.558759e+03	8.550000e-01	0.000000e+00	6.000000e-02	0.000000e+00	5.200000e-02	0.000000e+00	0.000000e+00	1.900000e-02	9.000000e-03	0.000000e+00	2.000000e-03	3.000000e-03	2.000000e-03	6.000000e-04	9.997000e-01	1.850000e-06
3.350000e-01	2.096885e+00	8.201860e-02	1.657678e+00	5.533891e+03	8.550000e-01	0.000000e+00	6.000000e-02	0.000000e+00	5.200000e-02	0.000000e+00	0.000000e+00	1.900000e-02	9.000000e-03	0.000000e+00	2.000000e-03	3.000000e-03	2.000000e-03	6.000000e-04	9.997000e-01	1.850000e-06
3.400000e-01	2.091938e+00	8.559682e-02	1.653999e+00	5.509024e+03	8.550000e-01	0.000000e+00	6.000000e-02	0.000000e+00	5.200000e-02	0.000000e+00	0.000000e+00	1.900000e-02	9.000000e-03	0.000000e+00	2.000000e-03	3.000000e-03	2.000000e-03	6.000000e-04	9.997000e-01	1.850000e-06
3.450000e-01	2.086908e+00	8.927304e-02	1.650273e+00	5.484157e+03	8.550000e-01	0.000000e+00	6.000000e-02	0.000000e+00	5.200000e-02	0.000000e+00	0.000000e+00	1.900000e-02	9.000000e-03	0.000000e+00	2.000000e-03	3.000000e-03	2.000000e-03	6.000000e-04	9.997000e-01	1.850000e-06
3.500000e-01	2.081792e+00	9.304915e-02	1.646499e+00	5.459290e+03	8.550000e-01	0.000000e+00	6.000000e-02	0.000000e+00	5.200000e-02	0.000000e+00	0.000000e+00	1.900000e-02	9.000000e-03	0.000000e+00	2.000000e-03	3.000000e-03	2.000000e-03	6.000000e-04	9.997000e-01	1.850000e-06
3.550000e-01	2.076592e+00	9.692420e-02	1.642677e+00	5.434422e+03	8.550000e-01	0.000000e+00	6.000000e-02	0.000000e+00	5.200000e-02	0.000000e+00	0.000000e+00	1.900000e-02	9.000000e-03	0.000000e+00	2.000000e-03	3.000000e-03	2.000000e-03	6.000000e-04	9.997000e-01	1.850000e-06
3.600000e-01	2.071305e+00	1.009002e-01	1.638808e+00	5.409555e+03	8.550000e-01	0.000000e+00	6.000000e-02	0.000000e+00	5.200000e-02	0.000000e+00	0.000000e+00	1.900000e-02	9.000000e-03	0.000000e+00	2.000000e-03	3.000000e-03	2.000000e-03	6.000000e-04	9.997000e-01	1.850000e-06
3.650000e-01	2.065930e+00	1.049776e-01	1.634892e+00	5.384688e+03	8.550000e-01	0.000000e+00	6.000000e-02	0.000000e+00	5.200000e-02	0.000000e+00	0.000000e+00	1.900000e-02	9.000000e-03	0.000000e+00	2.000000e-03	3.000000e-03	2.000000e-03	6.000000e-04	9.997000e-01	1.850000e-06
3.700000e-01	2.060467e+00	1.091577e-01	1.630929e+00	5.359820e+03	8.550000e-01	0.000000e+00	6.000000e-02	0.000000e+00	5.200000e-02	0.000000e+00	0.000000e+00	1.900000e-02	9.000000e-03	0.000000e+00	2.000000e-03	3.000000e-03	2.000000e-03	6.000000e-04	9.997000e-01	1.850000e-06
3.750000e-01	2.054914e+00	1.134400e-01	1.626919e+00	5.334953e+03	8.550000e-01	0.000000e+00	6.000000e-02	0.000000e+00	5.200000e-02	0.000000e+00	0.000000e+00	1.900000e-02	9.000000e-03	0.000000e+00	2.000000e-03	3.000000e-03	2.000000e-03	6.000000e-04	9.997000e-01	1.850000e-06
3.800000e-01	2.049271e+00	1.178266e-01	1.622862e+00	5.310086e+03	8.550000e-01	0.000000e+00	6.000000e-02	0.000000e+00	5.200000e-02	0.000000e+00	0.000000e+00	1.900000e-02	9.000000e-03	0.000000e+00	2.000000e-03	3.000000e-03	2.000000e-03	6.000000e-04	9.997000e-01	1.850000e-06
3.850000e-01	2.043537e+00	1.223177e-01	1.618759e+00	5.285219e+03	8.550000e-01	0.000000e+00	6.000000e-02	0.000000e+00	5.200000e-02	0.000000e+00	0.000000e+00	1.900000e-02	9.000000e-03	0.000000e+00	2.000000e-03	3.000000e-03	2.000000e-03	6.000000e-04	9.997000e-01	1.850000e-06
3.900000e-01	2.037710e+00	1.269144e-01	1.614610e+00	5.260351e+03	8.550000e-01	0.000000e+00	6.000000e-02	0.000000e+00	5.200000e-02	0.000000e+00	0.000000e+00	1.900000e-02	9.000000e-03	0.000000e+00	2.000000e-03	3.000000e-03	2.000000e-03	6.000000e-04	9.997000e-01	1.850000e-06
3.950000e-01	2.031790e+00	1.316163e-01	1.610415e+00	5.235484e+03	8.550000e-01	0.000000e+00	6.000000e-02	0.000000e+00	5.200000e-02	0.000000e+00	0.000000e+00	1.900000e-02	9.000000e-03	0.000000e+00	2.000000e-03	3.000000e-03	2.000000e-03	6.000000e-04	9.997000e-01	1.850000e-06
4.000000e-01	2.025776e+00	1.364250e-01	1.606175e+00	5.210617e+03	8.550000e-01	0.000000e+00	6.000000e-02	0.000000e+00	5.200000e-02	0.000000e+00	0.000000e+00	1.900000e-02	9.000000e-03	0.000000e+00	2.000000e-03	3.000000e-03	2.000000e-03	6.000000e-04	9.997000e-01	1.850000e-06
4.050000e-01	2.019666e+00	1.413400e-01	1.601889e+00	5.185749e+03	8.550000e-01	0.000000e+00	6.000000e-02	0.000000e+00	5.200000e-02	0.000000e+00	0.000000e+00	1.900000e-02	9.000000e-03	0.000000e+00	2.000000e-03	3.000000e-03	2.000000e-03	6.000000e-04	9.997000e-01	1.850000e-06
4.100000e-01	2.013460e+00	1.463629e-01	1.597558e+00	5.160882e+03	8.550000e-01	0.000000e+00	6.000000e-02	0.000000e+00	5.200000e-02	0.000000e+00	0.000000e+00	1.900000e-02	9.000000e-03	0.000000e+00	2.000000e-03	3.000000e-03	2.000000e-03	6.000000e-04	9.997000e-01	1.850000e-06
4.150000e-01	2.007157e+00	1.514944e-01	1.593182e+00	5.136015e+03	8.550000e-01	0.000000e+00	6.000000e-02	0.000000e+00	5.200000e-02	0.000000e+00	0.000000e+00	1.900000e-02	9.000000e-03	0.000000e+00	2.000000e-03	3.000000e-03	2.000000e-03	6.000000e-04	9.997000e-01	1.850000e-06
4.200000e-01	2.000756e+00	1.567340e-01	1.588761e+00	5.111148e+03	8.550000e-01	0.000000e+00	6.000000e-02	0.000000e+00	5.200000e-02	0.000000e+00	0.000000e+00	1.900000e-02	9.000000e-03	0.000000e+00	2.000000e-03	3.000000e-03	2.000000e-03	6.000000e-04	9.997000e-01	1.850000e-06
4.250000e-01	1.994256e+00	1.620831e-01	1.584297e+00	5.086280e+03	8.550000e-01	0.000000e+00	6.000000e-02	0.000000e+00	5.200000e-02	0.000000e+00	0.000000e+00	1.900000e-02	9.000000e-03	0.000000e+00	2.000000e-03	3.000000e-03	2.000000e-03	6.000000e-04	9.997000e-01	1.850000e-06
4.300000e-01	1.987655e+00	1.675408e-01	1.579788e+00	5.061413e+03	8.550000e-01	0.000000e+00	6.000000e-02	0.000000e+00	5.200000e-02	0.000000e+00	0.000000e+00	1.900000e-02	9.000000e-03	0.000000e+00	2.000000e-03	3.000000e-03	2.000000e-03	6.000000e-04	9.997000e-01	1.850000e-06
4.350000e-01	1.980954e+00	1.731078e-01	1.575236e+00	5.036546e+03	8.550000e-01	0.000000e+00	6.000000e-02	0.000000e+00	5.200000e-02	0.000000e+00	0.000000e+00	1.900000e-02	9.000000e-03	0.000000e+00	2.000000e-03	3.000000e-03	2.000000e-03	6.000000e-04	9.997000e-01	1.850000e-06
4.400000e-01	1.974150e+00	1.787856e-01	1.570640e+00	5.011678e+03	8.550000e-01	0.000000e+00	6.000000e-02	0.000000e+00	5.200000e-02	0.000000e+00	0.000000e+00	1.900000e-02	9.000000e-03	0.000000e+00	2.000000e-03	3.000000e-03	2.000000e-03	6.000000e-04	9.997000e-01	1.850000e-06
4.450000e-01	1.967244e+00	1.845743e-01	1.566001e+00	4.986811e+03	8.550000e-01	0.000000e+00	6.000000e-02	0.000000e+00	5.200000e-02	0.000000e+00	0.000000e+00	1.900000e-02	9.000000e-03	0.000000e+00	2.000000e-03	3.000000e-03	2.000000e-03	6.000000e-04	9.997000e-01	1.850000e-06
4.500000e-01	1.960233e+00	1.904734e-01	1.561319e+00	4.961944e+03	8.550000e-01	0.000000e+00	6.000000e-02	0.000000e+00	5.200000e-02	0.000000e+00	0.000000e+00	1.900000e-02	9.000000e-03	0.000000e+00	2.000000e-03	3.000000e-03	2.000000e-03	6.000000e-04	9.997000e-01	1.850000e-06
4.550000e-01	1.953118e+00	1.964826e-01	1.556595e+00	4.937077e+03	8.550000e-01	0.000000e+00	6.000000e-02	0.000000e+00	5.200000e-02	0.000000e+00	0.000000e+00	1.900000e-02	9.000000e-03	0.000000e+00	2.000000e-03	3.000000e-03	2.000000e-03	6.000000e-04	9.997000e-01	1.850000e-06
4.600000e-01	1.945896e+00	2.026035e-01	1.551829e+00	4.912209e+03	8.550000e-01	0.000000e+00	6.000000e-02	0.000000e+00	5.200000e-02	0.000000e+00	0.000000e+00	1.900000e-02	9.000000e-03	0.000000e+00	2.000000e-03	3.000000e-03	2.000000e-03	6.000000e-04	9.997000e-01	1.850000e-06
4.650000e-01	1.938568e+00	2.088353e-01	1.547021e+00	4.887342e+03	8.550000e-01	0.000000e+00	6.000000e-02	0.000000e+00	5.200000e-02	0.000000e+00	0.000000e+00	1.900000e-02	9.000000e-03	0.000000e+00	2.000000e-03	3.000000e-03	2.000000e-03	6.000000e-04	9.997000e-01	1.850000e-06
4.700000e-01	1.931131e+00	2.151777e-01	1.542171e+00	4.862475e+03	8.550000e-01	0.000000e+00	6.000000e-02	0.000000e+00	5.200000e-02	0.000000e+00	0.000000e+00	1.900000e-02	9.000000e-03	0.000000e+00	2.000000e-03	3.000000e-03	2.000000e-03	6.000000e-04	9.997000e-01	1.850000e-06
4.750000e-01	1.923586e+00	2.216323e-01	1.537280e+00	4.837607e+03	8.550000e-01	0.000000e+00	6.000000e-02	0.000000e+00	5.200000e-02	0.000000e+00	0.000000e+00	1.900000e-02	9.000000e-03	0.000000e+00	2.000000e-03	3.000000e-03	2.000000e-03	6.000000e-04	9.997000e-01	1.850000e-06
4.800000e-01	1.915931e+00	2.281985e-01	1.532348e+00	4.812740e+03	8.550000e-01	0.000000e+00	6.000000e-02	0.000000e+00	5.200000e-02	0.000000e+00	0.000000e+00	1.900000e-02	9.000000e-03	0.000000e+00	2.000000e-03	3.000000e-03	2.000000e-03	6.000000e-04	9.997000e-01	1.850000e-06
4.850000e-01	1.908166e+00	2.348755e-01	1.527376e+00	4.787873e+03	8.550000e-01	0.000000e+00	6.000000e-02	0.000000e+00	5.200000e-02	0.000000e+00	0.000000e+00	1.900000e-02	9.000000e-03	0.000000e+00	2.000000e-03	3.000000e-03	2.000000e-03	6.000000e-04	9.997000e-01	1.850000e-06
4.900000e-01	1.900288e+00	2.416640e-01	1.522363e+00	4.763005e+03	8.550000e-01	0.000000e+00	6.000000e-02	0.000000e+00	5.200000e-02	0.000000e+00	0.000000e+00	1.900000e-02	9.000000e-03	0.000000e+00	2.000000e-03	3.000000e-03	2.000000e-03	6.000000e-04	9.997000e-01	1.850000e-06
4.950000e-01	1.892298e+00	2.485630e-01	1.517311e+00	4.738138e+03	8.550000e-01	0.000000e+00	6.000000e-02	0.000000e+00	5.200000e-02	0.000000e+00	0.000000e+00	1.900000e-02	9.000000e-03	0.000000e+00	2.000000e-03	3.000000e-03	2.000000e-03	6.000000e-04	9.997000e-01	1.850000e-06
5.000000e-01	1.884194e+00	2.555739e-01	1.512219e+00	4.713271e+03	8.550000e-01	0.000000e+00	6.000000e-02	0.000000e+00	5.200000e-02	0.000000e+00	0.000000e+00	1.900000e-02	9.000000e-03	0.000000e+00	2.000000e-03	3.000000e-03	2.000000e-03	6.000000e-04	9.997000e-01	1.850000e-06
5.050000e-01	1.875976e+00	2.626951e-01	1.507088e+00	4.688404e+03	8.550000e-01	0.000000e+00	6.000000e-02	0.000000e+00	5.200000e-02	0.000000e+00	0.000000e+00	1.900000e-02	9.000000e-03	0.000000e+00	2.000000e-03	3.000000e-03	2.000000e-03	6.000000e-04	9.997000e-01	1.850000e-06
5.100000e-01	1.867641e+00	2.699265e-01	1.501918e+00	4.663536e+03	8.550000e-01	0.000000e+00	6.000000e-02	0.000000e+00	5.200000e-02	0.000000e+00	0.000000e+00	1.900000e-02	9.000000e-03	0.000000e+00	2.000000e-03	3.000000e-03	2.000000e-03	6.000000e-04	9.997000e-01	1.850000e-06
5.150000e-01	1.859191e+00	2.772674e-01	1.496710e+00	4.638669e+03	8.550000e-01	0.000000e+00	6.000000e-02	0.000000e+00	5.200000e-02	0.000000e+00	0.000000e+00	1.900000e-02	9.000000e-03	0.000000e+00	2.000000e-03	3.000000e-03	2.000000e-03	6.000000e-04	9.997000e-01	1.850000e-06
5.200000e-01	1.850622e+00	2.847190e-01	1.491464e+00	4.613802e+03	8.550000e-01	0.000000e+00	6.000000e-02	0.000000e+00	5.200000e-02	0.000000e+00	0.000000e+00	1.900000e-02	9.000000e-03	0.000000e+00	2.000000e-03	3.000000e-03	2.000000e-03	6.000000e-04	9.997000e-01	1.850000e-06
5.250000e-01	1.841935e+00	2.922799e-01	1.486181e+00	4.588934e+03	8.550000e-01	0.000000e+00	6.000000e-02	0.000000e+00	5.200000e-02	0.000000e+00	0.000000e+00	1.900000e-02	9.000000e-03	0.000000e+00	2.000000e-03	3.000000e-03	2.000000e-03	6.000000e-04	9.997000e-01	1.850000e-06
5.300000e-01	1.833129e+00	2.999490e-01	1.480860e+00	4.564067e+03	8.550000e-01	0.000000e+00	6.000000e-02	0.000000e+00	5.200000e-02	0.000000e+00	0.000000e+00	1.900000e-02	9.000000e-03	0.000000e+00	2.000000e-03	3.000000e-03	2.000000e-03	6.000000e-04	9.997000e-01	1.850000e-06
5.350000e-01	1.824202e+00	3.077277e-01	1.475503e+00	4.539200e+03	8.550000e-01	0.000000e+00	6.000000e-02	0.000000e+00	5.200000e-02	0.000000e+00	0.000000e+00	1.900000e-02	9.000000e-03	0.000000e+00	2.000000e-03	3.000000e-03	2.000000e-03	6.000000e-04	9.997000e-01	1.850000e-06
5.400000e-01	1.815154e+00	3.156139e-01	1.470109e+00	4.514333e+03	8.550000e-01	0.000000e+00	6.000000e-02	0.000000e+00	5.200000e-02	0.000000e+00	0.000000e+00	1.900000e-02	9.000000e-03	0.000000e+00	2.000000e-03	3.000000e-03	2.000000e-03	6.000000e-04	9.997000e-01	1.850000e-06
5.450000e-01	1.010468e+00	3.221106e-01	1.464692e+00	4.481465e+03	6.260000e-02	4.400000e-01	2.100000e-01	2.280000e-01	2.000000e-03	2.300000e-02	2.350000e-02	3.000000e-04	2.600000e-03	2.700000e-03	9.000000e-05	1.000000e-03	1.000000e-04	1.500000e-04	9.983000e-01	1.850000e-06
5.500000e-01	1.007776e+00	3.266690e-01	1.459281e+00	4.437712e+03	6.260000e-02	4.400000e-01	2.100000e-01	2.280000e-01	2.000000e-03	2.300000e-02	2.350000e-02	3.000000e-04	2.600000e-03	2.700000e-03	9.000000e-05	1.000000e-03	1.000000e-04	1.500000e-04	9.983000e-01	1.850000e-06
5.550000e-01	1.005073e+00	3.312346e-01	1.453893e+00	4.393960e+03	6.260000e-02	4.400000e-01	2.100000e-01	2.280000e-01	2.000000e-03	2.300000e-02	2.350000e-02	3.000000e-04	2.600000e-03	2.700000e-03	9.000000e-05	1.000000e-03	1.000000e-04	1.500000e-04	9.983000e-01	1.850000e-06
5.600000e-01	1.002359e+00	3.359037e-01	1.448527e+00	4.350208e+03	6.260000e-02	4.400000e-01	2.100000e-01	2.280000e-01	2.000000e-03	2.300000e-02	2.350000e-02	3.000000e-04	2.600000e-03	2.700000e-03	9.000000e-05	1.000000e-03	1.000000e-04	1.500000e-04	9.983000e-01	1.850000e-06
5.650000e-01	9.996345e-01	3.406954e-01	1.443181e+00	4.306455e+03	6.260000e-02	4.400000e-01	2.100000e-01	2.280000e-01	2.000000e-03	2.300000e-02	2.350000e-02	3.000000e-04	2.600000e-03	2.700000e-03	9.000000e-05	1.000000e-03	1.000000e-04	1.500000e-04	9.983000e-01	1.850000e-06
5.700000e-01	9.968991e-01	3.454794e-01	1.437855e+00	4.262703e+03	6.260000e-02	4.400000e-01	2.100000e-01	2.280000e-01	2.000000e-03	2.300000e-02	2.350000e-02	3.000000e-04	2.600000e-03	2.700000e-03	9.000000e-05	1.000000e-03	1.000000e-04	1.500000e-04	9.983000e-01	1.850000e-06
5.750000e-01	9.941530e-01	3.503918e-01	1.432547e+00	4.218951e+03	6.260000e-02	4.400000e-01	2.100000e-01	2.280000e-01	2.000000e-03	2.300000e-02	2.350000e-02	3.000000e-04	2.600000e-03	2.700000e-03	9.000000e-05	1.000000e-03	1.000000e-04	1.500000e-04	9.983000e-01	1.850000e-06
5.800000e-01	9.913961e-01	3.553658e-01	1.427256e+00	4.175198e+03	6.260000e-02	4.400000e-01	2.100000e-01	2.280000e-01	2.000000e-03	2.300000e-02	2.350000e-02	3.000000e-04	2.600000e-03	2.700000e-03	9.000000e-05	1.000000e-03	1.000000e-04	1.500000e-04	9.983000e-01	1.850000e-06
5.850000e-01	9.886284e-01	3.604052e-01	1.421983e+00	4.131446e+03	6.260000e-02	4.400000e-01	2.100000e-01	2.280000e-01	2.000000e-03	2.300000e-02	2.350000e-02	3.000000e-04	2.600000e-03	2.700000e-03	9.000000e-05	1.000000e-03	1.000000e-04	1.500000e-04	9.983000e-01	1.850000e-06
5.900000e-01	9.858500e-01	3.655095e-01	1.416725e+00	4.087694e+03	6.260000e-02	4.400000e-01	2.100000e-01	2.280000e-01	2.000000e-03	2.300000e-02	2.350000e-02	3.000000e-04	2.600000e-03	2.700000e-03	9.000000e-05	1.000000e-03	1.000000e-04	1.500000e-04	9.983000e-01	1.850000e-06
5.950000e-01	9.830607e-01	3.706812e-01	1.411482e+00	4.043941e+03	6.260000e-02	4.400000e-01	2.100000e-01	2.280000e-01	2.000000e-03	2.300000e-02	2.350000e-02	3.000000e-04	2.600000e-03	2.700000e-03	9.000000e-05	1.000000e-03	1.000000e-04	1.500000e-04	9.983000e-01	1.850000e-06
6.000000e-01	9.802607e-01	3.759912e-01	1.406253e+00	4.000189e+03	6.260000e-02	4.400000e-01	2.100000e-01	2.280000e-01	2.000000e-03	2.300000e-02	2.350000e-02	3.000000e-04	2.600000e-03	2.700000e-03	9.000000e-05	1.000000e-03	1.000000e-04	1.500000e-04	9.983000e-01	1.850000e-06
6.050000e-01	9.774499e-01	3.813012e-01	1.401038e+00	3.956436e+03	6.260000e-02	4.400000e-01	2.100000e-01	2.280000e-01	2.000000e-03	2.300000e-02	2.350000e-02	3.000000e-04	2.600000e-03	2.700000e-03	9.000000e-05	1.000000e-03	1.000000e-04	1.500000e-04	9.983000e-01	1.850000e-06
6.100000e-01	9.746283e-01	3.867038e-01	1.395836e+00	3.912684e+03	6.260000e-02	4.400000e-01	2.100000e-01	2.280000e-01	2.000000e-03	2.300000e-02	2.350000e-02	3.000000e-04	2.600000e-03	2.700000e-03	9.000000e-05	1.000000e-03	1.000000e-04	1.500000e-04	9.983000e-01	1.850000e-06
6.150000e-01	9.717960e-01	3.921279e-01	1.390646e+00	3.868932e+03	6.260000e-02	4.400000e-01	2.100000e-01	2.280000e-01	2.000000e-03	2.300000e-02	2.350000e-02	3.000000e-04	2.600000e-03	2.700000e-03	9.000000e-05	1.000000e-03	1.000000e-04	1.500000e-04	9.983000e-01	1.850000e-06
6.200000e-01	9.689528e-01	3.977296e-01	1.385467e+00	3.825179e+03	6.260000e-02	4.400000e-01	2.100000e-01	2.280000e-01	2.000000e-03	2.300000e-02	2.350000e-02	3.000000e-04	2.600000e-03	2.700000e-03	9.000000e-05	1.000000e-03	1.000000e-04	1.500000e-04	9.983000e-01	1.850000e-06
6.250000e-01	9.660989e-01	4.033557e-01	1.380299e+00	3.781427e+03	6.260000e-02	4.400000e-01	2.100000e-01	2.280000e-01	2.000000e-03	2.300000e-02	2.350000e-02	3.000000e-04	2.600000e-03	2.700000e-03	9.000000e-05	1.000000e-03	1.000000e-04	1.500000e-04	9.983000e-01	1.850000e-06
6.300000e-01	9.632342e-01	4.090072e-01	1.375141e+00	3.737675e+03	6.260000e-02	4.400000e-01	2.100000e-01	2.280000e-01	2.000000e-03	2.300000e-02	2.350000e-02	3.000000e-04	2.600000e-03	2.700000e-03	9.000000e-05	1.000000e-03	1.000000e-04	1.500000e-04	9.983000e-01	1.850000e-06
6.350000e-01	9.603588e-01	4.147889e-01	1.369993e+00	3.693922e+03	6.260000e-02	4.400000e-01	2.100000e-01	2.280000e-01	2.000000e-03	2.300000e-02	2.350000e-02	3.000000e-04	2.600000e-03	2.700000e-03	9.000000e-05	1.000000e-03	1.000000e-04	1.500000e-04	9.983000e-01	1.850000e-06
6.400000e-01	9.574725e-01	4.207033e-01	1.364854e+00	3.650170e+03	6.260000e-02	4.400000e-01	2.100000e-01	2.280000e-01	2.000000e-03	2.300000e-02	2.350000e-02	3.000000e-04	2.600000e-03	2.700000e-03	9.000000e-05	1.000000e-03	1.000000e-04	1.500000e-04	9.983000e-01	1.850000e-06
6.450000e-01	9.545755e-01	4.265603e-01	1.359723e+00	3.606418e+03	6.260000e-02	4.400000e-01	2.100000e-01	2.280000e-01	2.000000e-03	2.300000e-02	2.350000e-02	3.000000e-04	2.600000e-03	2.700000e-03	9.000000e-05	1.000000e-03	1.000000e-04	1.500000e-04	9.983000e-01	1.850000e-06
6.500000e-01	9.516677e-01	4.325319e-01	1.354600e+00	3.562665e+03	6.260000e-02	4.400000e-01	2.100000e-01	2.280000e-01	2.000000e-03	2.300000e-02	2.350000e-02	3.000000e-04	2.600000e-03	2.700000e-03	9.000000e-05	1.000000e-03	1.000000e-04	1.500000e-04	9.983000e-01	1.850000e-06
6.550000e-01	9.487491e-01	4.386641e-01	1.349484e+00	3.518913e+03	6.260000e-02	4.400000e-01	2.100000e-01	2.280000e-01	2.000000e-03	2.300000e-02	2.350000e-02	3.000000e-04	2.600000e-03	2.700000e-03	9.000000e-05	1.000000e-03	1.000000e-04	1.500000e-04	9.983000e-01	1.850000e-06
6.600000e-01	9.458197e-01	4.448250e-01	1.344375e+00	3.475161e+03	6.260000e-02	4.400000e-01	2.100000e-01	2.280000e-01	2.000000e-03	2.300000e-02	2.350000e-02	3.000000e-04	2.600000e-03	2.700000e-03	9.000000e-05	1.000000e-03	1.000000e-04	1.500000e-04	9.983000e-01	1.850000e-06
6.650000e-01	9.428796e-01	4.509970e-01	1.339273e+00	3.431408e+03	6.260000e-02	4.400000e-01	2.100000e-01	2.280000e-01	2.000000e-03	2.300000e-02	2.350000e-02	3.000000e-04	2.600000e-03	2.700000e-03	9.000000e-05	1.000000e-03	1.000000e-04	1.500000e-04	9.983000e-01	1.850000e-06
6.700000e-01	9.399287e-01	4.573316e-01	1.334176e+00	3.387656e+03	6.260000e-02	4.400000e-01	2.100000e-01	2.280000e-01	2.000000e-03	2.300000e-02	2.350000e-02	3.000000e-04	2.600000e-03	2.700000e-03	9.000000e-05	1.000000e-03	1.000000e-04	1.500000e-04	9.983000e-01	1.850000e-06
6.750000e-01	9.369670e-01	4.636991e-01	1.329085e+00	3.343903e+03	6.260000e-02	4.400000e-01	2.100000e-01	2.280000e-01	2.000000e-03	2.300000e-02	2.350000e-02	3.000000e-04	2.600000e-03	2.700000e-03	9.000000e-05	1.000000e-03	1.000000e-04	1.500000e-04	9.983000e-01	1.850000e-06
6.800000e-01	9.339945e-01	4.700986e-01	1.323999e+00	3.300151e+03	6.260000e-02	4.400000e-01	2.100000e-01	2.280000e-01	2.000000e-03	2.300000e-02	2.350000e-02	3.000000e-04	2.600000e-03	2.700000e-03	9.000000e-05	1.000000e-03	1.000000e-04	1.500000e-04	9.983000e-01	1.850000e-06
6.850000e-01	9.310112e-01	4.766686e-01	1.318918e+00	3.256399e+03	6.260000e-02	4.400000e-01	2.100000e-01	2.280000e-01	2.000000e-03	2.300000e-02	2.350000e-02	3.000000e-04	2.600000e-03	2.700000e-03	9.000000e-05	1.000000e-03	1.000000e-04	1.500000e-04	9.983000e-01	1.850000e-06
6.900000e-01	9.280172e-01	4.832507e-01	1.313840e+00	3.212646e+03	6.260000e-02	4.400000e-01	2.100000e-01	2.280000e-01	2.000000e-03	2.300000e-02	2.350000e-02	3.000000e-04	2.600000e-03	2.700000e-03	9.000000e-05	1.000000e-03	1.000000e-04	1.500000e-04	9.983000e-01	1.850000e-06
6.950000e-01	9.250124e-01	4.898653e-01	1.308768e+00	3.168894e+03	6.260000e-02	4.400000e-01	2.100000e-01	2.280000e-01	2.000000e-03	2.300000e-02	2.350000e-02	3.000000e-04	2.600000e-03	2.700000e-03	9.000000e-05	1.000000e-03	1.000000e-04	1.500000e-04	9.983000e-01	1.850000e-06
7.000000e-01	9.219968e-01	4.966553e-01	1.303698e+00	3.125142e+03	6.260000e-02	4.400000e-01	2.100000e-01	2.280000e-01	2.000000e-03	2.300000e-02	2.350000e-02	3.000000e-04	2.600000e-03	2.700000e-03	9.000000e-05	1.000000e-03	1.000000e-04	1.500000e-04	9.983000e-01	1.850000e-06
7.050000e-01	9.189704e-01	5.033995e-01	1.298632e+00	3.081389e+03	6.260000e-02	4.400000e-01	2.100000e-01	2.280000e-01	2.000000e-03	2.300000e-02	2.350000e-02	3.000000e-04	2.600000e-03	2.700000e-03	9.000000e-05	1.000000e-03	1.000000e-04	1.500000e-04	9.983000e-01	1.850000e-06
7.100000e-01	9.159333e-01	5.103207e-01	1.293569e+00	3.037637e+03	6.260000e-02	4.400000e-01	2.100000e-01	2.280000e-01	2.000000e-03	2.300000e-02	2.350000e-02	3.000000e-04	2.600000e-03	2.700000e-03	9.000000e-05	1.000000e-03	1.000000e-04	1.500000e-04	9.983000e-01	1.850000e-06
7.150000e-01	9.128854e-01	5.173145e-01	1.288509e+00	2.993885e+03	6.260000e-02	4.400000e-01	2.100000e-01	2.280000e-01	2.000000e-03	2.300000e-02	2.350000e-02	3.000000e-04	2.600000e-03	2.700000e-03	9.000000e-05	1.000000e-03	1.000000e-04	1.500000e-04	9.983000e-01	1.850000e-06
7.200000e-01	9.098266e-01	5.243099e-01	1.283450e+00	2.950132e+03	6.260000e-02	4.400000e-01	2.100000e-01	2.280000e-01	2.000000e-03	2.300000e-02	2.350000e-02	3.000000e-04	2.600000e-03	2.700000e-03	9.000000e-05	1.000000e-03	1.000000e-04	1.500000e-04	9.983000e-01	1.850000e-06
7.250000e-01	9.067572e-01	5.314646e-01	1.278394e+00	2.906380e+03	6.260000e-02	4.400000e-01	2.100000e-01	2.280000e-01	2.000000e-03	2.300000e-02	2.350000e-02	3.000000e-04	2.600000e-03	2.700000e-03	9.000000e-05	1.000000e-03	1.000000e-04	1.500000e-04	9.983000e-01	1.850000e-06
7.300000e-01	9.036769e-01	5.385927e-01	1.273340e+00	2.862627e+03	6.260000e-02	4.400000e-01	2.100000e-01	2.280000e-01	2.000000e-03	2.300000e-02	2.350000e-02	3.000000e-04	2.600000e-03	2.700000e-03	9.000000e-05	1.000000e-03	1.000000e-04	1.500000e-04	9.983000e-01	1.850000e-06
7.350000e-01	9.005859e-01	5.458840e-01	1.268287e+00	2.818875e+03	6.260000e-02	4.400000e-01	2.100000e-01	2.280000e-01	2.000000e-03	2.300000e-02	2.350000e-02	3.000000e-04	2.600000e-03	2.700000e-03	9.000000e-05	1.000000e-03	1.000000e-04	1.500000e-04	9.983000e-01	1.850000e-06
7.400000e-01	8.974840e-01	5.532140e-01	1.263235e+00	2.775123e+03	6.260000e-02	4.400000e-01	2.100000e-01	2.280000e-01	2.000000e-03	2.300000e-02	2.350000e-02	3.000000e-04	2.600000e-03	2.700000e-03	9.000000e-05	1.000000e-03	1.000000e-04	1.500000e-04	9.983000e-01	1.850000e-06
7.450000e-01	8.943714e-01	5.605827e-01	1.258184e+00	2.731370e+03	6.260000e-02	4.400000e-01	2.100000e-01	2.280000e-01	2.000000e-03	2.300000e-02	2.350000e-02	3.000000e-04	2.600000e-03	2.700000e-03	9.000000e-05	1.000000e-03	1.000000e-04	1.500000e-04	9.983000e-01	1.850000e-06
7.500000e-01	8.912481e-01	5.681169e-01	1.253134e+00	2.687618e+03	6.260000e-02	4.400000e-01	2.100000e-01	2.280000e-01	2.000000e-03	2.300000e-02	2.350000e-02	3.000000e-04	2.600000e-03	2.700000e-03	9.000000e-05	1.000000e-03	1.000000e-04	1.500000e-04	9.983000e-01	1.850000e-06
7.550000e-01	8.881139e-01	5.756905e-01	1.248084e+00	2.643866e+03	6.260000e-02	4.400000e-01	2.100000e-01	2.280000e-01	2.000000e-03	2.300000e-02	2.350000e-02	3.000000e-04	2.600000e-03	2.700000e-03	9.000000e-05	1.000000e-03	1.000000e-04	1.500000e-04	9.983000e-01	1.850000e-06
7.600000e-01	8.849690e-01	5.833054e-01	1.243035e+00	2.600113e+03	6.260000e-02	4.400000e-01	2.100000e-01	2.280000e-01	2.000000e-03	2.300000e-02	2.350000e-02	3.000000e-04	2.600000e-03	2.700000e-03	9.000000e-05	1.000000e-03	1.000000e-04	1.500000e-04	9.983000e-01	1.850000e-06
7.650000e-01	8.818133e-01	5.909838e-01	1.237986e+00	2.556361e+03	6.260000e-02	4.400000e-01	2.100000e-01	2.280000e-01	2.000000e-03	2.300000e-02	2.350000e-02	3.000000e-04	2.600000e-03	2.700000e-03	9.000000e-05	1.000000e-03	1.000000e-04	1.500000e-04	9.983000e-01	1.850000e-06
7.700000e-01	8.786468e-01	5.987436e-01	1.232936e+00	2.512609e+03	6.260000e-02	4.400000e-01	2.100000e-01	2.280000e-01	2.000000e-03	2.300000e-02	2.350000e-02	3.000000e-04	2.600000e-03	2.700000e-03	9.000000e-05	1.000000e-03	1.000000e-04	1.500000e-04	9.983000e-01	1.850000e-06
7.750000e-01	8.754695e-01	6.065442e-01	1.227887e+00	2.468856e+03	6.260000e-02	4.400000e-01	2.100000e-01	2.280000e-01	2.000000e-03	2.300000e-02	2.350000e-02	3.000000e-04	2.600000e-03	2.700000e-03	9.000000e-05	1.000000e-03	1.000000e-04	1.500000e-04	9.983000e-01	1.850000e-06
7.800000e-01	8.722815e-01	6.145391e-01	1.222837e+00	2.425104e+03	6.260000e-02	4.400000e-01	2.100000e-01	2.280000e-01	2.000000e-03	2.300000e-02	2.350000e-02	3.000000e-04	2.600000e-03	2.700000e-03	9.000000e-05	1.000000e-03	1.000000e-04	1.500000e-04	9.983000e-01	1.850000e-06
7.850000e-01	8.690826e-01	6.225780e-01	1.217786e+00	2.381352e+03	6.260000e-02	4.400000e-01	2.100000e-01	2.280000e-01	2.000000e-03	2.300000e-02	2.350000e-02	3.000000e-04	2.600000e-03	2.700000e-03	9.000000e-05	1.000000e-03	1.000000e-04	1.500000e-04	9.983000e-01	1.850000e-06
7.900000e-01	8.658730e-01	6.305666e-01	1.212734e+00	2.337599e+03	6.260000e-02	4.400000e-01	2.100000e-01	2.280000e-01	2.000000e-03	2.300000e-02	2.350000e-02	3.000000e-04	2.600000e-03	2.700000e-03	9.000000e-05	1.000000e-03	1.000000e-04	1.500000e-04	9.983000e-01	1.850000e-06
7.950000e-01	8.626527e-01	6.387561e-01	1.207682e+00	2.293847e+03	6.260000e-02	4.400000e-01	2.100000e-01	2.280000e-01	2.000000e-03	2.300000e-02	2.350000e-02	3.000000e-04	2.600000e-03	2.700000e-03	9.000000e-05	1.000000e-03	1.000000e-04	1.500000e-04	9.983000e-01	1.850000e-06
8.000000e-01	8.594215e-01	6.469870e-01	1.202628e+00	2.250094e+03	6.260000e-02	4.400000e-01	2.100000e-01	2.280000e-01	2.000000e-03	2.300000e-02	2.350000e-02	3.000000e-04	2.600000e-03	2.700000e-03	9.000000e-05	1.000000e-03	1.000000e-04	1.500000e-04	9.983000e-01	1.850000e-06
8.050000e-01	8.561795e-01	6.552337e-01	1.197573e+00	2.206342e+03	6.260000e-02	4.400000e-01	2.100000e-01	2.280000e-01	2.000000e-03	2.300000e-02	2.350000e-02	3.000000e-04	2.600000e-03	2.700000e-03	9.000000e-05	1.000000e-03	1.000000e-04	1.500000e-04	9.983000e-01	1.850000e-06
8.100000e-01	8.529268e-01	6.635480e-01	1.192517e+00	2.162590e+03	6.260000e-02	4.400000e-01	2.100000e-01	2.280000e-01	2.000000e-03	2.300000e-02	2.350000e-02	3.000000e-04	2.600000e-03	2.700000e-03	9.000000e-05	1.000000e-03	1.000000e-04	1.500000e-04	9.983000e-01	1.850000e-06
8.150000e-01	8.496633e-01	6.720411e-01	1.187459e+00	2.118837e+03	6.260000e-02	4.400000e-01	2.100000e-01	2.280000e-01	2.000000e-03	2.300000e-02	2.350000e-02	3.000000e-04	2.600000e-03	2.700000e-03	9.000000e-05	1.000000e-03	1.000000e-04	1.500000e-04	9.983000e-01	1.850000e-06
8.200000e-01	8.463891e-01	6.805786e-01	1.182399e+00	2.075085e+03	6.260000e-02	4.400000e-01	2.100000e-01	2.280000e-01	2.000000e-03	2.300000e-02	2.350000e-02	3.000000e-04	2.600000e-03	2.700000e-03	9.000000e-05	1.000000e-03	1.000000e-04	1.500000e-04	9.983000e-01	1.850000e-06
8.250000e-01	8.431040e-01	6.890897e-01	1.177338e+00	2.031333e+03	6.260000e-02	4.400000e-01	2.100000e-01	2.280000e-01	2.000000e-03	2.300000e-02	2.350000e-02	3.000000e-04	2.600000e-03	2.700000e-03	9.000000e-05	1.000000e-03	1.000000e-04	1.500000e-04	9.983000e-01	1.850000e-06
8.300000e-01	8.398082e-01	6.977796e-01	1.172274e+00	1.987580e+03	6.260000e-02	4.400000e-01	2.100000e-01	2.280000e-01	2.000000e-03	2.300000e-02	2.350000e-02	3.000000e-04	2.600000e-03	2.700000e-03	9.000000e-05	1.000000e-03	1.000000e-04	1.500000e-04	9.983000e-01	1.850000e-06
8.350000e-01	8.365016e-01	7.064453e-01	1.167209e+00	1.943828e+03	6.260000e-02	4.400000e-01	2.100000e-01	2.280000e-01	2.000000e-03	2.300000e-02	2.350000e-02	3.000000e-04	2.600000e-03	2.700000e-03	9.000000e-05	1.000000e-03	1.000000e-04	1.500000e-04	9.983000e-01	1.850000e-06
8.400000e-01	8.331842e-01	7.152919e-01	1.162142e+00	1.900076e+03	6.260000e-02	4.400000e-01	2.100000e-01	2.280000e-01	2.000000e-03	2.300000e-02	2.350000e-02	3.000000e-04	2.600000e-03	2.700000e-03	9.000000e-05	1.000000e-03	1.000000e-04	1.500000e-04	9.983000e-01	1.850000e-06
8.450000e-01	8.298560e-01	7.240416e-01	1.157072e+00	1.856323e+03	6.260000e-02	4.400000e-01	2.100000e-01	2.280000e-01	2.000000e-03	2.300000e-02	2.350000e-02	3.000000e-04	2.600000e-03	2.700000e-03	9.000000e-05	1.000000e-03	1.000000e-04	1.500000e-04	9.983000e-01	1.850000e-06
8.500000e-01	8.265171e-01	7.330007e-01	1.152001e+00	1.812571e+03	6.260000e-02	4.400000e-01	2.100000e-01	2.280000e-01	2.000000e-03	2.300000e-02	2.350000e-02	3.000000e-04	2.600000e-03	2.700000e-03	9.000000e-05	1.000000e-03	1.000000e-04	1.500000e-04	9.983000e-01	1.850000e-06
8.550000e-01	8.231673e-01	7.419772e-01	1.146927e+00	1.768818e+03	6.260000e-02	4.400000e-01	2.100000e-01	2.280000e-01	2.000000e-03	2.300000e-02	2.350000e-02	3.000000e-04	2.600000e-03	2.700000e-03	9.000000e-05	1.000000e-03	1.000000e-04	1.500000e-04	9.983000e-01	1.850000e-06
8.600000e-01	8.198068e-01	7.511401e-01	1.141851e+00	1.725066e+03	6.260000e-02	4.400000e-01	2.100000e-01	2.280000e-01	2.000000e-03	2.300000e-02	2.350000e-02	3.000000e-04	2.600000e-03	2.700000e-03	9.000000e-05	1.000000e-03	1.000000e-04	1.500000e-04	9.983000e-01	1.850000e-06
8.650000e-01	8.164355e-01	7.602293e-01	1.136771e+00	1.681314e+03	6.260000e-02	4.400000e-01	2.100000e-01	2.280000e-01	2.000000e-03	2.300000e-02	2.350000e-02	3.000000e-04	2.600000e-03	2.700000e-03	9.000000e-05	1.000000e-03	1.000000e-04	1.500000e-04	9.983000e-01	1.850000e-06
8.700000e-01	8.130535e-01	7.694052e-01	1.131690e+00	1.637561e+03	6.260000e-02	4.400000e-01	2.100000e-01	2.280000e-01	2.000000e-03	2.300000e-02	2.350000e-02	3.000000e-04	2.600000e-03	2.700000e-03	9.000000e-05	1.000000e-03	1.000000e-04	1.500000e-04	9.983000e-01	1.850000e-06
8.750000e-01	8.096606e-01	7.786224e-01	1.126606e+00	1.593809e+03	6.260000e-02	4.400000e-01	2.100000e-01	2.280000e-01	2.000000e-03	2.300000e-02	2.350000e-02	3.000000e-04	2.600000e-03	2.700000e-03	9.000000e-05	1.000000e-03	1.000000e-04	1.500000e-04	9.983000e-01	1.850000e-06
8.800000e-01	8.062570e-01	7.879845e-01	1.121520e+00	1.550057e+03	6.260000e-02	4.400000e-01	2.100000e-01	2.280000e-01	2.000000e-03	2.300000e-02	2.350000e-02	3.000000e-04	2.600000e-03	2.700000e-03	9.000000e-05	1.000000e-03	1.000000e-04	1.500000e-04	9.983000e-01	1.850000e-06
8.850000e-01	8.028426e-01	7.973592e-01	1.116431e+00	1.506304e+03	6.260000e-02	4.400000e-01	2.100000e-01	2.280000e-01	2.000000e-03	2.300000e-02	2.350000e-02	3.000000e-04	2.600000e-03	2.700000e-03	9.000000e-05	1.000000e-03	1.000000e-04	1.500000e-04	9.983000e-01	1.850000e-06
8.900000e-01	7.994175e-01	8.068794e-01	1.111339e+00	1.462552e+03	6.260000e-02	4.400000e-01	2.100000e-01	2.280000e-01	2.000000e-03	2.300000e-02	2.350000e-02	3.000000e-04	2.600000e-03	2.700000e-03	9.000000e-05	1.000000e-03	1.000000e-04	1.500000e-04	9.983000e-01	1.850000e-06
8.950000e-01	7.412343e-01	8.164274e-01	1.106245e+00	1.418800e+03	6.260000e-02	4.400000e-01	2.100000e-01	2.280000e-01	2.000000e-03	2.300000e-02	2.350000e-02	3.000000e-04	2.600000e-03	2.700000e-03	9.000000e-05	1.000000e-03	1.000000e-04	1.500000e-04	9.983000e-01	1.850000e-06
9.000000e-01	7.340773e-01	8.252482e-01	1.101149e+00	1.375047e+03	6.260000e-02	4.400000e-01	2.100000e-01	2.280000e-01	2.000000e-03	2.300000e-02	2.350000e-02	3.000000e-04	2.600000e-03	2.700000e-03	9.000000e-05	1.000000e-03	1.000000e-04	1.500000e-04	9.983000e-01	1.850000e-06
9.050000e-01	7.269202e-01	8.342069e-01	1.096056e+00	1.331295e+03	6.260000e-02	4.400000e-01	2.100000e-01	2.280000e-01	2.000000e-03	2.300000e-02	2.350000e-02	3.000000e-04	2.600000e-03	2.700000e-03	9.000000e-05	1.000000e-03	1.000000e-04	1.500000e-04	9.983000e-01	1.850000e-06
9.100000e-01	7.197632e-01	8.431958e-01	1.090964e+00	1.287542e+03	6.260000e-02	4.400000e-01	2.100000e-01	2.280000e-01	2.000000e-03	2.300000e-02	2.350000e-02	3.000000e-04	2.600000e-03	2.700000e-03	9.000000e-05	1.000000e-03	1.000000e-04	1.500000e-04	9.983000e-01	1.850000e-06
9.150000e-01	7.126062e-01	8.521286e-01	1.085874e+00	1.243790e+03	6.260000e-02	4.400000e-01	2.100000e-01	2.280000e-01	2.000000e-03	2.300000e-02	2.350000e-02	3.000000e-04	2.600000e-03	2.700000e-03	9.000000e-05	1.000000e-03	1.000000e-04	1.500000e-04	9.983000e-01	1.850000e-06
9.200000e-01	7.054492e-01	8.610658e-01	1.080786e+00	1.200038e+03	6.260000e-02	4.400000e-01	2.100000e-01	2.280000e-01	2.000000e-03	2.300000e-02	2.350000e-02	3.000000e-04	2.600000e-03	2.700000e-03	9.000000e-05	1.000000e-03	1.000000e-04	1.500000e-04	9.983000e-01	1.850000e-06
9.250000e-01	6.982922e-01	8.699925e-01	1.075701e+00	1.156285e+03	6.260000e-02	4.400000e-01	2.100000e-01	2.280000e-01	2.000000e-03	2.300000e-02	2.350000e-02	3.000000e-04	2.600000e-03	2.700000e-03	9.000000e-05	1.000000e-03	1.000000e-04	1.500000e-04	9.983000e-01	1.850000e-06
9.300000e-01	6.911352e-01	8.788952e-01	1.070618e+00	1.112533e+03	6.260000e-02	4.400000e-01	2.100000e-01	2.280000e-01	2.000000e-03	2.300000e-02	2.350000e-02	3.000000e-04	2.600000e-03	2.700000e-03	9.000000e-05	1.000000e-03	1.000000e-04	1.500000e-04	9.983000e-01	1.850000e-06
9.350000e-01	6.455339e-01	8.878524e-01	1.065539e+00	1.068781e+03	6.260000e-02	4.400000e-01	2.100000e-01	2.280000e-01	2.000000e-03	2.300000e-02	2.350000e-02	3.000000e-04	2.600000e-03	2.700000e-03	9.000000e-05	1.000000e-03	1.000000e-04	1.500000e-04	9.983000e-01	1.850000e-06
9.400000e-01	6.420238e-01	8.964063e-01	1.060464e+00	1.025028e+03	6.260000e-02	4.400000e-01	2.100000e-01	2.280000e-01	2.000000e-03	2.300000e-02	2.350000e-02	3.000000e-04	2.600000e-03	2.700000e-03	9.000000e-05	1.000000e-03	1.000000e-04	1.500000e-04	9.983000e-01	1.850000e-06
9.450000e-01	6.385138e-01	9.047710e-01	1.055395e+00	9.812760e+02	6.260000e-02	4.400000e-01	2.100000e-01	2.280000e-01	2.000000e-03	2.300000e-02	2.350000e-02	3.000000e-04	2.600000e-03	2.700000e-03	9.000000e-05	1.000000e-03	1.000000e-04	1.500000e-04	9.983000e-01	1.850000e-06
9.500000e-01	6.350037e-01	9.133794e-01	1.050332e+00	9.375236e+02	6.260000e-02	4.400000e-01	2.100000e-01	2.280000e-01	2.000000e-03	2.300000e-02	2.350000e-02	3.000000e-04	2.600000e-03	2.700000e-03	9.000000e-05	1.000000e-03	1.000000e-04	1.500000e-04	9.983000e-01	1.850000e-06
9.550000e-01	6.314937e-01	9.219880e-01	1.045274e+00	8.937712e+02	6.260000e-02	4.400000e-01	2.100000e-01	2.280000e-01	2.000000e-03	2.300000e-02	2.350000e-02	3.000000e-04	2.600000e-03	2.700000e-03	9.000000e-05	1.000000e-03	1.000000e-04	1.500000e-04	9.983000e-01	1.850000e-06
9.600000e-01	6.279836e-01	9.308119e-01	1.040222e+00	8.500189e+02	6.260000e-02	4.400000e-01	2.100000e-01	2.280000e-01	2.000000e-03	2.300000e-02	2.350000e-02	3.000000e-04	2.600000e-03	2.700000e-03	9.000000e-05	1.000000e-03	1.000000e-04	1.500000e-04	9.983000e-01	1.850000e-06
9.650000e-01	6.244736e-01	9.394800e-01	1.035175e+00	8.062665e+02	6.260000e-02	4.400000e-01	2.100000e-01	2.280000e-01	2.000000e-03	2.300000e-02	2.350000e-02	3.000000e-04	2.600000e-03	2.700000e-03	9.000000e-05	1.000000e-03	1.000000e-04	1.500000e-04	9.983000e-01	1.850000e-06
9.700000e-01	6.209635e-01	9.481613e-01	1.030133e+00	7.625142e+02	6.260000e-02	4.400000e-01	2.100000e-01	2.280000e-01	2.000000e-03	2.300000e-02	2.350000e-02	3.000000e-04	2.600000e-03	2.700000e-03	9.000000e-05	1.000000e-03	1.000000e-04	1.500000e-04	9.983000e-01	1.850000e-06
9.750000e-01	6.174535e-01	9.570110e-01	1.025097e+00	7.187618e+02	6.260000e-02	4.400000e-01	2.100000e-01	2.280000e-01	2.000000e-03	2.300000e-02	2.350000e-02	3.000000e-04	2.600000e-03	2.700000e-03	9.000000e-05	1.000000e-03	1.000000e-04	1.500000e-04	9.983000e-01	1.850000e-06
9.800000e-01	6.139434e-01	9.657980e-01	1.020066e+00	6.750094e+02	6.260000e-02	4.400000e-01	2.100000e-01	2.280000e-01	2.000000e-03	2.300000e-02	2.350000e-02	3.000000e-04	2.600000e-03	2.700000e-03	9.000000e-05	1.000000e-03	1.000000e-04	1.500000e-04	9.983000e-01	1.850000e-06
9.850000e-01	6.104334e-01	9.746055e-01	1.015041e+00	6.312571e+02	6.260000e-02	4.400000e-01	2.100000e-01	2.280000e-01	2.000000e-03	2.300000e-02	2.350000e-02	3.000000e-04	2.600000e-03	2.700000e-03	9.000000e-05	1.000000e-03	1.000000e-04	1.500000e-04	9.983000e-01	1.850000e-06
9.900000e-01	6.069233e-01	9.835478e-01	1.010021e+00	5.875047e+02	6.260000e-02	4.400000e-01	2.100000e-01	2.280000e-01	2.000000e-03	2.300000e-02	2.350000e-02	3.000000e-04	2.600000e-03	2.700000e-03	9.000000e-05	1.000000e-03	1.000000e-04	1.500000e-04	9.983000e-01	1.850000e-06
9.950000e-01	5.310552e-01	9.924412e-01	1.005006e+00	5.437524e+02	6.260000e-02	4.400000e-01	2.100000e-01	2.280000e-01	2.000000e-03	2.300000e-02	2.350000e-02	3.000000e-04	2.600000e-03	2.700000e-03	9.000000e-05	1.000000e-03	1.000000e-04	1.500000e-04	9.983000e-01	1.850000e-06
1.000000e+00	4.946816e-01	1.000000e+00	1.000000e+00	5.000000e+02	6.260000e-02	4.400000e-01	2.100000e-01	2.280000e-01	2.000000e-03	2.300000e-02	2.350000e-02	3.000000e-04	2.600000e-03	2.700000e-03	9.000000e-05	1.000000e-03	1.000000e-04	1.500000e-04	9.983000e-01	1.850000e-06
