Radius	Rho	Mass	phi	Temp	H
0.000000e+00	1.000000e+00	0.000000e+00	1.500000e+00	20000	7.200000e-01
1.000000e-02	1.000000e+00	1.000000e-06	1.490050e+00	20000	7.200000e-01
2.000000e-02	1.000000e+00	8.000000e-06	1.480200e+00	20000	7.200000e-01
3.000000e-02	1.000000e+00	2.700000e-05	1.470450e+00	20000	7.200000e-01
4.000000e-02	1.000000e+00	6.400000e-05	1.460800e+00	20000	7.200000e-01
5.000000e-02	1.000000e+00	1.250000e-04	1.451250e+00	20000	7.200000e-01
6.000000e-02	1.000000e+00	2.160000e-04	1.441800e+00	15000	7.200000e-01
7.000000e-02	1.000000e+00	3.430000e-04	1.432450e+00	15000	7.200000e-01
8.000000e-02	1.000000e+00	5.120000e-04	1.423200e+00	15000	7.200000e-01
9.000000e-02	1.000000e+00	7.290000e-04	1.414050e+00	15000	7.200000e-01
1.000000e-01	1.000000e+00	1.000000e-03	1.405000e+00	15000	7.200000e-01
1.100000e-01	1.000000e+00	1.331000e-03	1.396050e+00	15000	7.200000e-01
1.200000e-01	1.000000e+00	1.728000e-03	1.387200e+00	15000	7.200000e-01
1.300000e-01	1.000000e+00	2.197000e-03	1.378450e+00	15000	7.200000e-01
1.400000e-01	1.000000e+00	2.744000e-03	1.369800e+00	15000	7.200000e-01
1.500000e-01	1.000000e+00	3.375000e-03	1.361250e+00	10000	7.200000e-01
1.600000e-01	1.000000e+00	4.096000e-03	1.352800e+00	10000	7.200000e-01
1.700000e-01	1.000000e+00	4.913000e-03	1.344450e+00	10000	7.200000e-01
1.800000e-01	1.000000e+00	5.832000e-03	1.336200e+00	10000	7.200000e-01
1.900000e-01	1.000000e+00	6.859000e-03	1.328050e+00	10000	7.200000e-01
2.000000e-01	1.000000e+00	8.000000e-03	1.320000e+00	10000	7.200000e-01
2.100000e-01	1.000000e+00	9.261000e-03	1.312050e+00	10000	7.200000e-01
2.200000e-01	1.000000e+00	1.064800e-02	1.304200e+00	10000	7.200000e-01
2.300000e-01	1.000000e+00	1.216700e-02	1.296450e+00	00000	7.200000e-01
2.400000e-01	1.000000e+00	1.382400e-02	1.288800e+00	10000	7.200000e-01
2.500000e-01	1.000000e+00	1.562500e-02	1.281250e+00	10000	7.200000e-01
2.600000e-01	1.000000e+00	1.757600e-02	1.273800e+00	10000	7.200000e-01
2.700000e-01	1.000000e+00	1.968300e-02	1.266450e+00	10000	7.200000e-01
2.800000e-01	1.000000e+00	2.195200e-02	1.259200e+00	10000	7.200000e-01
2.900000e-01	1.000000e+00	2.438900e-02	1.252050e+00	8000	7.200000e-01
3.000000e-01	1.000000e+00	2.700000e-02	1.245000e+00	8000	7.200000e-01
3.100000e-01	1.000000e+00	2.979100e-02	1.238050e+00	8000	7.200000e-01
3.200000e-01	1.000000e+00	3.276800e-02	1.231200e+00	8000	7.200000e-01
3.300000e-01	1.000000e+00	3.593700e-02	1.224450e+00	8000	7.200000e-01
3.400000e-01	1.000000e+00	3.930400e-02	1.217800e+00	8000	7.200000e-01
3.500000e-01	1.000000e+00	4.287500e-02	1.211250e+00	8000	7.200000e-01
3.600000e-01	1.000000e+00	4.665600e-02	1.204800e+00	8000	7.200000e-01
3.700000e-01	1.000000e+00	5.065300e-02	1.198450e+00	8000	7.200000e-01
3.800000e-01	1.000000e+00	5.487200e-02	1.192200e+00	8000	7.200000e-01
3.900000e-01	1.000000e+00	5.931900e-02	1.186050e+00	8000	7.200000e-01
4.000000e-01	1.000000e+00	6.400000e-02	1.180000e+00	8000	7.200000e-01
4.100000e-01	1.000000e+00	6.892100e-02	1.174050e+00	5000	7.200000e-01
4.200000e-01	1.000000e+00	7.408800e-02	1.168200e+00	5000	7.200000e-01
4.300000e-01	1.000000e+00	7.950700e-02	1.162450e+00	5000	7.200000e-01
4.400000e-01	1.000000e+00	8.518400e-02	1.156800e+00	5000	7.200000e-01
4.500000e-01	1.000000e+00	9.112500e-02	1.151250e+00	5000	7.200000e-01
4.600000e-01	1.000000e+00	9.733600e-02	1.145800e+00	5000	7.200000e-01
4.700000e-01	1.000000e+00	1.038230e-01	1.140450e+00	5000	7.200000e-01
4.800000e-01	1.000000e+00	1.105920e-01	1.135200e+00	5000	7.200000e-01
4.900000e-01	1.000000e+00	1.176490e-01	1.130050e+00	5000	7.200000e-01
5.000000e-01	1.000000e+00	1.250000e-01	1.125000e+00	5000	7.200000e-01
5.100000e-01	1.000000e+00	1.326510e-01	1.120050e+00	5000	7.200000e-01
5.200000e-01	1.000000e+00	1.406080e-01	1.115200e+00	5000	7.200000e-01
5.300000e-01	1.000000e+00	1.488770e-01	1.110450e+00	5000	7.200000e-01
5.400000e-01	1.000000e+00	1.574640e-01	1.105800e+00	5000	7.200000e-01
5.500000e-01	1.000000e+00	1.663750e-01	1.101250e+00	5000	7.200000e-01
5.600000e-01	1.000000e+00	1.756160e-01	1.096800e+00	5000	7.200000e-01
5.700000e-01	1.000000e+00	1.851930e-01	1.092450e+00	5000	7.200000e-01
5.800000e-01	1.000000e+00	1.951120e-01	1.088200e+00	5000	7.200000e-01
5.900000e-01	1.000000e+00	2.053790e-01	1.084050e+00	5000	7.200000e-01
6.000000e-01	1.000000e+00	2.160000e-01	1.080000e+00	5000	7.200000e-01
6.100000e-01	1.000000e+00	2.269810e-01	1.076050e+00	5000	7.200000e-01
6.200000e-01	1.000000e+00	2.383280e-01	1.072200e+00	5000	7.200000e-01
6.300000e-01	1.000000e+00	2.500470e-01	1.068450e+00	5000	7.200000e-01
6.400000e-01	1.000000e+00	2.621440e-01	1.064800e+00	5000	7.200000e-01
6.500000e-01	1.000000e+00	2.746250e-01	1.061250e+00	5000	7.200000e-01
6.600000e-01	1.000000e+00	2.874960e-01	1.057800e+00	5000	7.200000e-01
6.700000e-01	1.000000e+00	3.007630e-01	1.054450e+00	5000	7.200000e-01
6.800000e-01	1.000000e+00	3.144320e-01	1.051200e+00	5000	7.200000e-01
6.900000e-01	1.000000e+00	3.285090e-01	1.048050e+00	5000	7.200000e-01
7.000000e-01	1.000000e+00	3.430000e-01	1.045000e+00	5000	7.200000e-01
7.100000e-01	1.000000e+00	3.579110e-01	1.042050e+00	5000	7.200000e-01
7.200000e-01	1.000000e+00	3.732480e-01	1.039200e+00	5000	7.200000e-01
7.300000e-01	1.000000e+00	3.890170e-01	1.036450e+00	5000	7.200000e-01
7.400000e-01	1.000000e+00	4.052240e-01	1.033800e+00	5000	7.200000e-01
7.500000e-01	1.000000e+00	4.218750e-01	1.031250e+00	5000	7.200000e-01
7.600000e-01	1.000000e+00	4.389760e-01	1.028800e+00	5000	7.200000e-01
7.700000e-01	1.000000e+00	4.565330e-01	1.026450e+00	5000	7.200000e-01
7.800000e-01	1.000000e+00	4.745520e-01	1.024200e+00	5000	7.200000e-01
7.900000e-01	1.000000e+00	4.930390e-01	1.022050e+00	5000	7.200000e-01
8.000000e-01	1.000000e+00	5.120000e-01	1.020000e+00	5000	7.200000e-01
8.100000e-01	1.000000e+00	5.314410e-01	1.018050e+00	340	7.200000e-01
8.200000e-01	1.000000e+00	5.513680e-01	1.016200e+00	340	7.200000e-01
8.300000e-01	1.000000e+00	5.717870e-01	1.014450e+00	340	7.200000e-01
8.400000e-01	1.000000e+00	5.927040e-01	1.012800e+00	340	7.200000e-01
8.500000e-01	1.000000e+00	6.141250e-01	1.011250e+00	340	7.200000e-01
8.600000e-01	1.000000e+00	6.360560e-01	1.009800e+00	340	7.200000e-01
8.700000e-01	1.000000e+00	6.585030e-01	1.008450e+00	340	7.200000e-01
8.800000e-01	1.000000e+00	6.814720e-01	1.007200e+00	340	7.200000e-01
8.900000e-01	1.000000e+00	7.049690e-01	1.006050e+00	340	7.200000e-01
9.000000e-01	1.000000e+00	7.290000e-01	1.005000e+00	340	7.200000e-01
9.100000e-01	1.000000e+00	7.535710e-01	1.004050e+00	340	7.200000e-01
9.200000e-01	1.000000e+00	7.786880e-01	1.003200e+00	340	7.200000e-01
9.300000e-01	1.000000e+00	8.043570e-01	1.002450e+00	340	7.200000e-01
9.400000e-01	1.000000e+00	8.305840e-01	1.001800e+00	340	7.200000e-01
9.500000e-01	1.000000e+00	8.573750e-01	1.001250e+00	340	7.200000e-01
9.600000e-01	1.000000e+00	8.847360e-01	1.000800e+00	340	7.200000e-01
9.700000e-01	1.000000e+00	9.126730e-01	1.000450e+00	340	7.200000e-01
9.800000e-01	1.000000e+00	9.411920e-01	1.000200e+00	340	7.200000e-01
9.900000e-01	1.000000e+00	9.702990e-01	1.000050e+00	340	7.200000e-01
